1	1 1 4 6	4.39	99.2%	4.66	1.47
2	1 1 3 8	4.42	99.2%	4.69	1.48
3	1 1 11 11	4.43	99.6%	4.69	1.44
4	1 1 1 8	4.45	98.9%	4.65	1.23
5	6 6 6 6	4.58	99.5%	4.81	1.48
6	1 1 2 12	4.62	99.2%	4.96	1.56
7	1 2 2 6	4.8	99.2%	5.16	1.6
8	1 1 10 12	4.81	99%	5.05	1.55
9	2 2 10 10	4.83	98.3%	5.12	1.62
10	1 1 1 12	4.86	99.2%	5.18	1.62
11	1 1 2 8	4.97	97.8%	5.33	1.76
12	1 1 4 8	5.01	98.2%	5.39	1.85
13	1 1 5 8	5.01	96.5%	5.38	1.81
14	2 2 2 12	5.02	99.2%	5.37	1.7
15	1 1 3 12	5.03	97.3%	5.37	1.83
16	1 1 4 12	5.03	97.5%	5.45	1.83
17	1 1 12 12	5.04	99.4%	5.41	1.66
18	3 3 3 8	5.04	98.1%	5.41	1.79
19	4 6 11 11	5.04	98.9%	5.42	1.74
20	1 1 2 6	5.07	98.5%	5.39	1.6
21	1 1 2 11	5.11	98.9%	5.43	1.71
22	11 11 12 12	5.12	98.8%	5.52	1.88
23	1 2 3 4	5.13	99.1%	5.48	1.82
24	1 1 13 13	5.14	99.4%	5.45	1.63
25	3 7 7 8	5.15	96.8%	5.53	1.91
26	1 1 3 9	5.18	97%	5.52	1.84
27	1 2 4 12	5.18	97.7%	5.6	2
28	1 1 2 13	5.19	98.7%	5.49	1.78
29	1 1 5 6	5.19	97%	5.64	2.05
30	1 1 3 6	5.2	97.8%	5.54	1.77
31	4 6 7 7	5.2	98.7%	5.54	1.83
32	7 7 12 12	5.21	98.6%	5.6	1.86
33	1 1 11 13	5.23	99.1%	5.66	1.82
34	4 5 12 12	5.24	97%	5.6	1.78
35	1 6 6 12	5.25	98.8%	5.58	1.71
36	4 4 4 6	5.26	98.2%	5.63	1.96
37	4 6 13 13	5.26	98.8%	5.66	1.79
38	12 12 12 12	5.26	99.3%	5.72	2.09
39	2 11 11 12	5.27	97.3%	5.7	2.01
40	1 1 1 11	5.29	97.4%	5.58	1.65
41	1 1 11 12	5.29	99.3%	5.68	1.78
42	2 7 7 12	5.3	98.8%	5.68	1.89
43	2 2 3 8	5.31	98.2%	5.72	1.93
44	1 8 8 8	5.32	97.8%	5.66	1.93
45	10 10 12 12	5.32	98.7%	5.75	1.89
46	11 11 11 12	5.32	94.9%	5.6	1.97
47	3 8 13 13	5.33	95%	5.69	2.05
48	1 1 5 5	5.34	99.1%	5.71	1.81
49	1 5 7 12	5.34	98.3%	5.89	2.11
50	2 9 9 12	5.36	97.4%	5.78	2.01
51	3 3 12 12	5.37	98.8%	5.84	2.03
52	9 9 12 12	5.37	98.3%	5.85	2.09
53	8 8 12 12	5.38	98.6%	5.83	1.96
54	1 1 4 5	5.39	97.9%	5.77	2
55	3 8 11 11	5.39	96.1%	5.75	2.08
56	1 6 8 12	5.4	96.9%	5.78	1.99
57	5 6 12 12	5.41	97.2%	5.8	1.81
58	12 12 13 13	5.41	98.6%	5.81	1.92
59	1 3 5 12	5.42	96.5%	5.81	2.11
60	3 8 10 10	5.42	95.6%	5.87	2.23
61	11 12 12 12	5.42	97.8%	5.76	1.88
62	1 1 12 13	5.43	98.8%	5.82	1.85
63	1 9 9 12	5.43	95.6%	5.72	1.77
64	5 5 12 12	5.44	98.7%	5.81	1.74
65	3 8 9 9	5.45	96.9%	5.83	1.97
66	3 4 4 8	5.46	98.4%	5.88	1.94
67	2 3 3 12	5.47	98.5%	5.93	2.04
68	2 5 5 12	5.47	98.8%	5.88	1.98
69	1 4 10 10	5.5	97.9%	5.92	2.09
70	2 12 13 13	5.5	97.2%	5.84	2.01
71	7 7 11 12	5.5	93.6%	5.81	2.08
72	1 1 3 7	5.53	97%	5.84	1.95
73	5 5 11 12	5.53	96.6%	5.89	1.89
74	1 2 5 8	5.54	95.7%	5.95	2.24
75	1 3 4 12	5.54	98.6%	5.96	1.94
76	4 4 12 12	5.54	98.7%	5.96	2.05
77	11 11 11 13	5.54	98.4%	6.08	2.25
78	3 5 5 8	5.56	97%	5.96	2.07
79	1 8 9 12	5.57	96.4%	5.88	1.96
80	6 7 12 12	5.57	95.7%	5.95	2.02
81	1 1 1 13	5.58	97.4%	5.9	1.77
82	2 2 4 6	5.58	99%	5.94	1.9
83	1 3 10 10	5.59	97.5%	5.89	2
84	1 4 7 12	5.59	98.3%	6	2.02
85	2 3 3 8	5.59	96.9%	5.94	1.93
86	2 3 12 12	5.59	97.4%	5.97	1.98
87	1 6 7 12	5.6	98.6%	6	1.98
88	1 3 3 4	5.62	97.6%	5.87	1.77
89	1 1 4 7	5.63	97.1%	5.95	2.06
90	4 6 6 6	5.63	98.3%	6.02	2.06
91	1 8 8 12	5.64	96.4%	5.94	1.91
92	2 7 7 8	5.64	96.9%	5.97	2.02
93	5 5 7 7	5.65	98%	5.99	1.91
94	7 8 12 12	5.65	96.2%	6.1	2.13
95	8 8 11 13	5.65	97%	6.17	2.31
96	1 1 10 13	5.66	98%	6.11	2.2
97	3 7 8 8	5.66	96.1%	6.03	2.04
98	4 5 5 6	5.66	97.4%	6.1	2.11
99	9 9 11 12	5.66	93.9%	5.99	2.12
100	1 1 2 10	5.69	95.8%	5.99	1.83
101	1 2 5 12	5.69	95.6%	6.13	2.19
102	1 7 9 12	5.69	96%	6.1	2.23
103	1 6 9 12	5.71	95.5%	6.07	2.12
104	3 7 7 7	5.71	97.5%	6.04	2.01
105	4 4 11 13	5.71	98.1%	6.3	2.36
106	4 5 11 12	5.71	97.4%	6.1	2.1
107	2 2 2 3	5.72	99%	5.98	1.7
108	3 3 4 6	5.72	97.7%	6.14	2.1
109	3 3 11 12	5.72	94.8%	6.14	2.23
110	1 2 2 10	5.73	96.4%	6.08	2.13
111	1 6 6 11	5.73	98.3%	6.2	2.24
112	2 2 12 12	5.73	98.7%	6.23	2.24
113	1 2 2 12	5.74	97.7%	6.1	1.98
114	3 6 11 11	5.74	94.5%	6.02	2.07
115	4 8 11 11	5.74	95.1%	6.06	1.99
116	1 7 7 10	5.75	97.9%	6.19	2.15
117	12 12 12 13	5.75	97.5%	6.09	1.97
118	3 8 8 8	5.76	97.5%	6.12	2.15
119	2 8 9 9	5.78	96.4%	6.18	2.12
120	4 4 11 12	5.78	91.9%	6.1	2.36
121	2 2 3 12	5.79	98.1%	6.21	2.04
122	8 9 12 12	5.79	96.2%	6.28	2.25
123	1 5 6 12	5.8	98.5%	6.19	2.08
124	4 6 9 9	5.8	96.4%	6.21	2.26
125	6 6 12 12	5.81	98.4%	6.34	2.34
126	3 4 4 6	5.82	97.4%	6.16	1.96
127	1 5 8 8	5.83	94.7%	6.39	2.69
128	6 6 11 13	5.83	97.8%	6.33	2.22
129	9 9 11 13	5.83	96.8%	6.39	2.42
130	1 4 4 12	5.84	95.7%	6.32	2.33
131	7 7 11 13	5.84	97.6%	6.38	2.33
132	3 8 12 13	5.85	96%	6.21	2.18
133	1 4 6 12	5.86	96.7%	6.32	2.48
134	4 6 6 7	5.87	96.5%	6.24	2.1
135	11 13 13 13	5.87	97.8%	6.45	2.45
136	1 8 10 12	5.89	95.6%	6.19	2.16
137	2 4 4 12	5.89	98.4%	6.26	2.14
138	1 4 5 12	5.9	95.9%	6.33	2.32
139	1 4 8 12	5.9	97.5%	6.26	2.18
140	2 10 10 12	5.9	97.1%	6.27	2.27
141	3 4 11 13	5.9	96.5%	6.37	2.35
142	4 6 8 8	5.9	96.8%	6.36	2.27
143	5 6 11 12	5.9	97.3%	6.39	2.25
144	1 3 6 12	5.93	96.7%	6.32	2.21
145	2 4 11 11	5.93	96.3%	6.37	2.35
146	4 5 12 13	5.93	97.6%	6.43	2.15
147	6 6 10 13	5.93	93.8%	6.44	2.65
148	1 3 3 12	5.94	95.5%	6.35	2.32
149	3 6 7 7	5.94	93.4%	6.32	2.4
150	1 12 13 13	5.95	94.3%	6.26	2.15
151	3 8 10 11	5.95	94.5%	6.32	2.38
152	4 6 10 11	5.95	94.5%	6.34	2.39
153	10 10 11 13	5.96	97.6%	6.52	2.35
154	10 11 12 12	5.96	96%	6.3	2.06
155	1 1 3 13	5.97	95.2%	6.36	2.12
156	1 2 11 11	5.97	97.3%	6.46	2.43
157	1 11 11 12	5.97	93.5%	6.21	2.24
158	2 8 8 12	5.97	97.5%	6.51	2.45
159	3 6 6 8	5.97	97.1%	6.38	2.26
160	3 6 13 13	5.97	94.5%	6.2	1.99
161	4 6 10 10	5.97	96.5%	6.35	2.35
162	4 8 10 10	5.97	97.4%	6.39	2.18
163	1 2 4 4	5.99	97.1%	6.33	2.13
164	1 7 8 10	5.99	97.6%	6.42	2.29
165	5 5 5 5	5.99	95.3%	6.42	2.18
166	9 10 12 12	5.99	95.8%	6.3	2.05
167	1 2 6 6	6	97.6%	6.42	2.24
168	1 3 6 8	6.01	95.6%	6.42	2.55
169	1 6 7 10	6.01	98.5%	6.57	2.28
170	2 8 10 10	6.01	95.3%	6.31	2.07
171	3 7 10 10	6.01	97.4%	6.39	2.19
172	4 8 13 13	6.01	94.6%	6.27	1.91
173	1 5 7 11	6.02	98.6%	6.49	2.14
174	4 5 5 5	6.02	97.6%	6.59	2.43
175	1 5 8 12	6.03	98.3%	6.5	2.2
176	1 7 8 9	6.03	97.2%	6.46	2.3
177	1 10 10 12	6.03	92.5%	6.24	2.1
178	2 2 11 13	6.03	98.1%	6.6	2.42
179	1 6 12 12	6.04	94.4%	6.42	2.45
180	1 2 6 12	6.05	96.9%	6.42	2.26
181	1 2 10 12	6.06	97.4%	6.56	2.4
182	3 8 12 12	6.06	96.6%	6.5	2.46
183	1 1 4 4	6.08	94.5%	6.38	2.46
184	1 1 6 6	6.09	97.3%	6.5	2.19
185	1 2 4 8	6.09	96.6%	6.5	2.33
186	3 4 12 12	6.09	94.7%	6.56	2.49
187	3 9 9 9	6.09	97.6%	6.53	2.17
188	4 7 7 8	6.09	93.9%	6.58	2.53
189	1 2 6 8	6.1	96%	6.43	2.33
190	1 3 9 12	6.1	96.4%	6.52	2.37
191	5 6 12 13	6.1	97.4%	6.52	2.19
192	1 1 9 13	6.12	97.3%	6.57	2.49
193	1 6 8 9	6.12	98.2%	6.55	2.36
194	1 7 8 8	6.12	96.8%	6.66	2.67
195	1 1 3 4	6.13	98.1%	6.46	2.06
196	2 11 12 12	6.13	95.5%	6.53	2.27
197	3 3 4 8	6.13	96.3%	6.45	2.13
198	2 8 13 13	6.14	90.4%	6.46	2.6
199	3 8 11 12	6.14	94.3%	6.66	2.69
200	2 2 11 12	6.15	92.5%	6.53	2.55
201	5 5 12 13	6.15	95.6%	6.64	2.17
202	1 7 7 12	6.16	89.1%	6.3	2.34
203	3 3 11 13	6.16	97.1%	6.67	2.52
204	1 5 7 13	6.17	98%	6.56	2.09
205	3 3 3 12	6.17	96.9%	6.65	2.45
206	1 2 3 10	6.18	98.3%	6.5	1.99
207	2 13 13 13	6.18	91%	6.38	2.38
208	5 5 11 13	6.18	96.2%	6.82	2.58
209	10 13 13 13	6.18	93.5%	6.66	2.84
210	10 10 11 12	6.19	93.4%	6.55	2.31
211	2 11 11 11	6.2	89.7%	6.28	2.49
212	3 3 3 6	6.2	97.7%	6.76	2.58
213	1 2 3 8	6.21	97%	6.62	2.38
214	1 4 7 8	6.21	96.7%	6.73	2.72
215	1 5 5 12	6.21	90.4%	6.43	2.37
216	2 3 11 12	6.21	94.8%	6.77	2.77
217	8 8 11 12	6.21	90.8%	6.58	2.67
218	11 12 13 13	6.22	95.3%	6.71	2.45
219	1 2 2 8	6.23	93.4%	6.7	2.66
220	5 5 5 6	6.23	96.2%	6.68	2.32
221	1 10 12 12	6.24	95.9%	6.82	2.88
222	1 8 10 13	6.25	94.7%	6.59	2.4
223	1 2 13 13	6.26	97.2%	6.97	2.72
224	1 1 5 7	6.27	96.6%	6.61	2.11
225	1 4 6 8	6.27	94.7%	6.64	2.55
226	1 4 8 8	6.27	96.6%	6.74	2.48
227	7 7 12 13	6.27	93.8%	6.7	2.38
228	1 3 11 11	6.28	97.3%	6.68	2.41
229	2 2 4 5	6.28	98.3%	6.64	2.1
230	1 5 10 10	6.29	97.3%	6.67	2.3
231	3 11 11 12	6.29	91.2%	6.51	2.2
232	1 2 3 12	6.3	96.3%	6.84	2.54
233	2 7 8 12	6.3	95.1%	6.76	2.57
234	6 7 11 12	6.3	96.9%	6.85	2.59
235	2 2 2 8	6.31	96.4%	6.88	2.73
236	4 4 5 6	6.31	95.7%	6.63	2.26
237	4 4 10 13	6.31	93.5%	6.78	2.8
238	4 6 12 13	6.31	93.7%	6.79	2.83
239	4 7 12 12	6.31	88.6%	6.69	2.98
240	7 9 11 11	6.33	95.8%	6.82	2.66
241	9 9 12 13	6.33	94%	6.66	2.2
242	1 2 10 11	6.34	97.7%	6.69	2.4
243	1 4 12 12	6.36	91.2%	6.59	2.5
244	2 12 12 13	6.36	95.6%	6.75	2.39
245	3 6 7 8	6.36	97.9%	6.77	2.3
246	4 8 9 9	6.36	90.4%	6.54	2.32
247	1 2 12 12	6.37	96%	6.7	2.18
248	1 4 4 5	6.37	96.8%	6.91	2.7
249	1 5 8 9	6.38	94.2%	6.86	2.69
250	2 12 12 12	6.38	98.4%	6.78	2.46
251	1 5 7 8	6.39	94.8%	6.78	2.46
252	1 3 8 9	6.41	92.3%	7.01	3.35
253	1 6 6 13	6.41	97.4%	6.83	2.46
254	2 8 11 11	6.41	88.7%	6.58	2.77
255	1 2 8 8	6.42	96.1%	6.98	2.7
256	2 6 6 12	6.43	97.7%	6.98	2.57
257	3 6 10 11	6.43	95.8%	7.09	2.88
258	1 3 6 6	6.44	97.2%	6.93	2.6
259	1 8 8 9	6.44	96.3%	6.96	2.72
260	2 5 6 12	6.44	95.2%	6.84	2.53
261	3 7 9 9	6.44	91.2%	6.9	2.82
262	3 12 13 13	6.44	91.1%	6.64	2.31
263	10 10 10 13	6.44	93%	6.87	2.99
264	6 6 11 12	6.45	89%	6.77	2.96
265	8 8 8 10	6.45	90.4%	6.8	2.95
266	1 1 3 11	6.46	94.5%	6.71	1.99
267	2 11 13 13	6.46	94.3%	6.93	2.55
268	4 5 9 9	6.47	88.3%	6.72	2.78
269	4 5 13 13	6.47	87.8%	6.73	2.86
270	1 3 3 7	6.49	96%	7.3	3.33
271	2 8 10 11	6.49	94.9%	7	2.67
272	10 11 11 13	6.49	94.7%	6.89	2.6
273	1 6 7 11	6.5	97.5%	7.11	2.88
274	1 6 9 9	6.5	97.5%	6.93	2.52
275	12 13 13 13	6.5	94.6%	6.86	2.43
276	1 2 4 6	6.51	95.9%	6.91	2.55
277	6 10 10 10	6.51	95.8%	6.78	2.29
278	2 3 11 13	6.52	92%	6.95	2.82
279	4 6 7 8	6.52	95.8%	6.97	2.48
280	1 4 6 13	6.53	97.6%	6.97	2.35
281	1 3 3 5	6.54	95.1%	6.83	2.49
282	2 4 5 12	6.54	94.5%	6.98	2.86
283	4 5 6 6	6.54	95.4%	6.88	2.39
284	4 4 4 4	6.55	97.9%	7.12	2.94
285	1 3 5 8	6.56	95.1%	7.21	2.92
286	1 7 8 12	6.56	95.5%	6.99	2.65
287	1 9 12 12	6.56	92.6%	6.94	2.82
288	3 4 5 8	6.56	96.3%	7.03	2.66
289	1 4 4 7	6.57	96.1%	7.29	3.19
290	3 5 11 11	6.57	94.6%	7.09	2.98
291	3 9 9 12	6.57	94.9%	7	2.63
292	1 4 7 13	6.58	96.6%	7.23	2.93
293	2 10 11 12	6.59	95.8%	6.9	2.42
294	3 10 10 12	6.59	94.4%	6.95	2.35
295	5 6 6 7	6.59	97.8%	7.06	2.4
296	2 2 2 11	6.6	92.2%	6.94	2.78
297	2 8 8 13	6.6	92.9%	7.03	2.63
298	3 7 13 13	6.6	87.4%	6.74	2.77
299	4 6 11 12	6.6	92.9%	7	2.92
300	1 5 10 12	6.61	92.2%	7.04	3.09
301	2 3 4 6	6.61	97.7%	7.03	2.31
302	3 7 7 12	6.61	90.1%	6.79	2.59
303	1 3 13 13	6.64	97%	7.17	2.61
304	1 5 8 10	6.64	96.5%	7.16	2.56
305	1 7 7 11	6.64	96.9%	7.21	2.63
306	2 2 8 12	6.64	98.1%	7.09	2.32
307	7 8 11 12	6.64	96.2%	7.11	2.68
308	1 2 5 6	6.65	94.2%	7.14	2.74
309	1 3 3 9	6.65	96.8%	7.2	2.85
310	1 6 8 10	6.65	97.1%	7.07	2.43
311	1 2 10 13	6.66	97%	7.16	2.72
312	1 10 11 12	6.66	94.7%	7.07	2.54
313	3 7 11 11	6.66	88.1%	6.9	3.12
314	4 6 12 12	6.66	96.9%	7.13	2.49
315	1 2 3 6	6.67	97.1%	7.11	2.42
316	2 8 9 12	6.68	95.2%	7.1	2.76
317	9 9 10 13	6.69	90.9%	6.89	2.68
318	3 8 9 10	6.7	96.2%	7.05	2.54
319	1 12 12 12	6.71	93.6%	6.93	2.57
320	4 4 12 13	6.71	92%	7.1	2.61
321	1 2 5 5	6.72	95.2%	7.24	2.94
322	1 3 3 3	6.72	95.7%	7.12	2.54
323	2 2 5 5	6.72	93.4%	7.1	2.48
324	3 6 6 7	6.72	93.7%	7.19	2.73
325	4 4 5 5	6.72	93.2%	7.19	2.59
326	1 9 11 12	6.73	93.6%	7.17	3.04
327	2 5 6 11	6.73	96.2%	7.2	2.62
328	5 6 7 7	6.73	87.8%	6.91	2.76
329	5 7 10 12	6.73	96.8%	7.21	2.47
330	1 1 2 7	6.74	95.5%	6.97	2.08
331	1 4 8 13	6.75	97.4%	7.12	2.45
332	3 3 3 3	6.75	95.9%	7.47	3.38
333	1 5 6 6	6.76	93.7%	7.44	3.38
334	3 4 10 13	6.76	96.6%	7.24	2.84
335	6 7 12 13	6.76	95.5%	7.25	2.76
336	6 8 10 12	6.76	97.3%	7.31	2.79
337	3 3 5 6	6.77	96.4%	7.36	2.67
338	4 5 11 11	6.78	87.3%	7.25	3.63
339	1 2 5 7	6.8	95.1%	7.13	2.66
340	2 2 2 4	6.8	96%	7.13	2.48
341	5 7 11 11	6.81	96.1%	7.24	2.66
342	1 1 2 9	6.82	94.7%	7.13	2.33
343	3 3 12 13	6.82	93.4%	7.26	2.66
344	8 9 11 12	6.82	95.1%	7.48	3.05
345	2 2 2 13	6.83	93.5%	7.16	2.76
346	2 11 11 13	6.83	94.9%	7.32	2.84
347	3 4 5 7	6.83	96.7%	7.33	2.66
348	4 8 8 8	6.83	94.6%	7.2	2.77
349	1 1 6 12	6.84	91.1%	7.48	3.43
350	1 6 8 11	6.84	97.8%	7.31	2.47
351	2 3 12 13	6.84	95.8%	7.32	2.65
352	11 12 12 13	6.84	97.1%	7.43	2.68
353	1 2 11 13	6.85	93.5%	7.47	3.12
354	1 6 6 10	6.85	93.6%	7.23	3.13
355	2 4 4 8	6.85	96.6%	7.27	2.67
356	2 6 6 8	6.85	95.7%	7.43	2.97
357	4 7 7 7	6.86	88.9%	7.07	3.03
358	7 7 10 13	6.86	89.8%	7.16	3.16
359	7 9 13 13	6.87	96.3%	7.44	2.77
360	1 3 4 4	6.88	93.4%	7.21	3.07
361	2 4 13 13	6.88	95.7%	7.42	2.75
362	4 5 7 7	6.88	91.1%	7.51	3.59
363	1 1 3 5	6.89	95.3%	7.23	2.34
364	5 6 13 13	6.89	87%	6.98	2.72
365	7 8 12 13	6.89	96.6%	7.36	2.61
366	1 1 4 9	6.9	93.4%	7.09	2.31
367	4 4 4 8	6.9	96.3%	7.47	2.86
368	9 11 11 11	6.9	95.5%	7.25	2.74
369	1 3 6 7	6.91	96.2%	7.32	2.78
370	1 9 10 12	6.91	93.8%	7.27	2.78
371	3 3 3 10	6.91	94.3%	7.5	3.23
372	4 7 10 11	6.92	97.1%	7.47	2.73
373	4 7 13 13	6.93	87.7%	7.16	3.02
374	8 9 10 13	6.93	96%	7.43	2.69
375	9 10 11 12	6.93	96.1%	7.45	2.78
376	1 2 2 11	6.94	97.1%	7.51	2.96
377	2 8 12 12	6.94	95.2%	7.32	2.63
378	3 8 8 9	6.94	95.5%	7.28	2.54
379	5 5 10 10	6.94	87%	7.27	3.15
380	6 9 12 12	6.94	89.3%	7.5	3.69
381	8 9 12 13	6.94	96.1%	7.42	2.68
382	4 7 8 8	6.95	94.3%	7.36	2.56
383	2 5 5 13	6.96	92.1%	7.39	2.82
384	6 8 11 11	6.96	94.1%	7.52	3.1
385	4 6 9 10	6.97	93.9%	7.5	3.23
386	11 11 12 13	6.98	95%	7.42	2.49
387	1 3 10 11	6.99	96.2%	7.64	3.13
388	1 11 12 12	6.99	94.2%	7.54	3.18
389	2 6 10 12	6.99	95.3%	7.47	2.81
390	4 4 4 12	7	96.6%	7.45	2.91
391	4 5 10 10	7	91%	7.34	3.12
392	8 8 10 13	7	90.6%	7.43	3.12
393	1 2 11 12	7.01	96.9%	7.69	3.18
394	1 3 5 13	7.01	94.4%	7.44	2.7
395	2 2 12 13	7.01	92.4%	7.31	2.66
396	2 4 5 8	7.01	95.2%	7.4	2.79
397	2 6 7 13	7.01	96.7%	7.42	2.68
398	5 6 9 9	7.01	90.5%	7.28	2.74
399	6 7 10 13	7.02	96.5%	7.56	2.79
400	1 2 6 7	7.03	95.3%	7.39	2.56
401	2 9 9 11	7.03	87.4%	7.04	2.73
402	3 6 9 9	7.03	94%	7.59	3.23
403	1 8 8 11	7.04	93.4%	7.51	3.47
404	2 5 5 8	7.04	88.2%	7.24	3.22
405	3 3 3 7	7.04	92%	7.44	3.2
406	1 3 7 13	7.05	96.9%	7.43	2.63
407	2 3 5 5	7.05	96.2%	7.57	2.9
408	1 7 8 11	7.06	92.6%	7.44	3.08
409	1 6 8 8	7.07	93%	7.4	2.98
410	1 8 8 10	7.07	92.2%	7.43	3
411	2 6 7 12	7.07	92.2%	7.27	2.97
412	6 8 8 8	7.07	88.1%	7.5	3.55
413	8 8 12 13	7.07	92.2%	7.39	2.66
414	2 5 12 12	7.08	83.5%	7.41	4.1
415	5 5 10 13	7.08	89.8%	7.44	3.31
416	2 9 9 13	7.09	88.8%	7.17	2.56
417	3 6 6 12	7.09	95.5%	7.77	2.98
418	1 1 8 8	7.1	89.5%	7.54	3.74
419	1 7 7 9	7.1	96.2%	7.49	2.87
420	3 3 4 4	7.1	94.3%	7.45	2.67
421	3 5 5 6	7.1	89.3%	7.37	3.16
422	3 7 12 13	7.1	93.9%	7.62	3.09
423	1 3 10 12	7.11	96.5%	7.58	2.75
424	2 3 3 13	7.11	94.1%	7.68	2.98
425	5 5 13 13	7.11	85.4%	7.33	3.18
426	8 10 11 11	7.11	94.9%	7.53	2.78
427	1 2 3 5	7.12	95.4%	7.43	2.39
428	5 5 6 6	7.12	93%	7.58	2.87
429	2 5 9 12	7.13	95.5%	7.59	2.89
430	4 6 6 8	7.13	97.3%	7.62	2.62
431	5 6 11 11	7.13	87.2%	7.34	3.25
432	9 12 12 12	7.14	82.1%	7.14	3.73
433	1 3 9 11	7.15	94.9%	7.65	3.09
434	2 2 10 13	7.15	89.9%	7.35	3.09
435	3 4 11 12	7.15	95.2%	7.79	3.39
436	4 8 11 12	7.15	93%	7.73	3.21
437	5 5 11 11	7.15	85.7%	7.37	3.33
438	8 8 9 11	7.15	89.5%	7.7	3.74
439	1 5 6 9	7.16	92.1%	7.62	3.47
440	10 10 12 13	7.16	92.1%	7.46	2.61
441	1 2 2 13	7.18	96.5%	7.69	3.1
442	2 6 10 10	7.18	95.9%	7.69	3.02
443	2 8 8 8	7.18	93.9%	7.75	3.34
444	1 3 4 11	7.19	95.9%	7.72	2.93
445	1 7 10 12	7.19	92.8%	7.61	3.09
446	1 10 12 13	7.19	94.3%	7.54	2.87
447	2 7 7 13	7.19	86.2%	7.29	3.03
448	2 9 10 12	7.2	93.9%	7.56	2.87
449	6 6 6 11	7.21	89%	7.48	3.44
450	6 6 12 13	7.21	90.3%	7.64	3.11
451	1 2 4 10	7.22	96.2%	7.71	3.19
452	3 7 7 9	7.22	86.6%	7.27	2.94
453	4 5 11 13	7.22	90.4%	7.65	3.29
454	4 7 12 13	7.22	92.3%	7.79	3.41
455	3 7 11 12	7.23	90.7%	7.74	3.49
456	5 9 10 10	7.23	92.8%	7.64	3.1
457	1 2 7 10	7.24	91%	7.95	4.11
458	3 8 8 12	7.24	91.6%	7.73	3.16
459	1 5 9 9	7.25	94.3%	7.78	3.17
460	3 4 5 12	7.25	97%	7.66	2.69
461	4 8 10 12	7.25	95.7%	7.77	2.9
462	2 2 7 13	7.26	96.2%	7.67	2.93
463	1 3 4 5	7.27	97.5%	7.75	2.51
464	1 6 6 9	7.29	90.4%	7.8	3.35
465	3 5 5 12	7.29	89%	7.64	3.33
466	3 6 11 12	7.29	93.5%	7.77	3.16
467	3 9 10 11	7.3	93.2%	7.69	2.97
468	5 5 7 8	7.3	92.6%	7.78	3
469	5 6 11 13	7.3	91.7%	7.8	3.35
470	1 1 6 8	7.31	94.9%	7.65	2.53
471	1 3 7 8	7.31	89.2%	7.5	3.53
472	1 6 8 13	7.31	94.5%	7.74	2.85
473	2 6 7 9	7.31	96%	7.82	3.02
474	5 10 11 11	7.31	90.4%	7.56	2.82
475	1 8 9 11	7.32	92.9%	7.66	3.09
476	3 5 13 13	7.32	94.2%	7.79	3.09
477	7 9 10 12	7.32	94.1%	7.88	3.22
478	10 12 12 13	7.32	90.1%	7.77	3.55
479	2 2 3 9	7.33	94.6%	7.79	2.9
480	2 3 3 11	7.33	89.5%	7.59	3.25
481	4 7 11 11	7.33	86.4%	7.48	3.43
482	7 8 8 9	7.34	86.5%	7.75	3.91
483	1 7 9 13	7.35	93.7%	7.59	2.58
484	2 4 10 12	7.36	96.6%	8.04	3.19
485	3 4 8 10	7.36	93.5%	7.73	3.21
486	4 5 5 8	7.36	87.9%	7.5	2.97
487	7 10 10 11	7.36	93.5%	7.71	2.98
488	1 12 12 13	7.37	94.3%	7.86	3.19
489	4 4 5 8	7.37	95.9%	7.73	2.56
490	2 7 8 13	7.38	94%	7.89	3.13
491	3 6 6 6	7.38	94.4%	7.83	3.21
492	5 5 9 9	7.38	85.3%	7.66	3.45
493	10 11 11 12	7.38	96.8%	7.84	2.79
494	1 8 11 12	7.39	91.5%	7.92	3.51
495	3 3 9 9	7.4	95.9%	7.75	2.8
496	3 5 6 8	7.4	93.6%	7.9	3.2
497	5 6 8 8	7.4	92.1%	7.78	2.97
498	2 3 7 12	7.41	94.7%	7.87	3.07
499	3 3 4 5	7.41	93.9%	7.87	3.23
500	5 8 8 10	7.41	91.4%	7.89	3.44
501	3 6 8 8	7.43	92.7%	7.74	2.96
502	3 9 11 11	7.43	85.7%	7.62	3.35
503	2 5 6 8	7.44	95.5%	7.97	3.04
504	1 11 12 13	7.45	94.1%	7.89	3.24
505	6 8 13 13	7.45	93.2%	7.89	3.08
506	2 2 4 7	7.47	95.2%	8.11	3.15
507	1 2 3 7	7.48	96.2%	8.17	3.18
508	3 5 10 12	7.48	94.8%	8.05	3.18
509	5 5 10 11	7.48	87.8%	7.85	3.55
510	1 4 4 4	7.49	95.8%	7.96	2.9
511	2 6 9 11	7.49	95.7%	8	3.15
512	2 10 10 11	7.5	85.1%	7.34	2.96
513	6 6 6 9	7.51	89.7%	8.08	3.95
514	1 2 2 4	7.52	95.7%	7.85	2.43
515	2 4 8 10	7.52	97.8%	8	2.63
516	2 6 6 6	7.52	95.9%	8.09	3.1
517	4 4 4 7	7.52	91.3%	7.92	3.44
518	1 2 3 9	7.53	96.3%	8.05	3.13
519	1 5 5 6	7.53	94.9%	8.06	3.13
520	1 7 9 9	7.53	94.6%	7.97	3.18
521	2 10 10 13	7.53	89.9%	7.72	2.94
522	3 3 10 13	7.53	89.3%	7.81	3.54
523	3 4 4 7	7.54	90.4%	8.01	3.48
524	4 8 12 13	7.54	91.9%	8.22	3.7
525	5 7 13 13	7.54	94.2%	7.93	3.21
526	9 10 10 13	7.54	95.2%	7.97	3.07
527	1 2 4 13	7.55	93.6%	7.9	2.97
528	1 4 5 5	7.55	95.8%	8.02	2.76
529	3 9 13 13	7.55	86.3%	7.73	3.41
530	4 7 9 9	7.55	86.5%	7.66	3.2
531	2 2 6 6	7.56	95.8%	8.06	3.06
532	2 2 7 8	7.56	93.6%	7.92	3.02
533	4 4 8 8	7.56	95.8%	8.16	3.2
534	7 10 12 12	7.56	84.5%	7.7	3.8
535	8 8 8 12	7.56	88.2%	7.98	4.04
536	2 3 4 12	7.57	94.4%	8.11	3.3
537	2 6 6 13	7.57	85.3%	7.61	3.16
538	3 5 6 12	7.57	93.4%	8.09	3.24
539	6 7 11 13	7.57	90.2%	7.96	3.48
540	1 8 9 13	7.58	91.3%	8.02	3.64
541	3 3 5 5	7.58	89.4%	7.8	3.18
542	4 4 7 9	7.58	93.3%	8.02	3.45
543	5 8 12 12	7.58	75.9%	6.92	3.67
544	5 10 13 13	7.58	92.6%	8.01	2.79
545	3 5 5 7	7.59	90%	7.84	3.2
546	3 6 10 12	7.6	92.9%	8.1	3.42
547	3 7 9 10	7.61	92%	8.18	3.52
548	2 6 6 11	7.63	83.2%	7.43	3.18
549	3 4 9 12	7.64	94.5%	8.13	3.16
550	2 8 12 13	7.65	89.5%	7.9	3.56
551	3 4 4 12	7.65	90.5%	7.96	3.33
552	1 2 12 13	7.66	96.1%	8.4	3.4
553	2 3 5 6	7.66	95.2%	8.1	2.95
554	2 4 4 13	7.66	85.4%	7.78	3.47
555	2 4 5 13	7.68	94.6%	8.27	3.32
556	1 3 8 12	7.69	96.7%	8.19	2.91
557	1 4 10 11	7.69	95%	8.17	3.2
558	2 6 8 11	7.69	93.4%	8.1	3.32
559	2 7 8 8	7.69	92.5%	8.08	3.15
560	9 11 13 13	7.69	92%	8.19	3.2
561	3 9 12 12	7.7	90.9%	8.25	3.5
562	4 8 10 11	7.7	90.6%	8.04	3.48
563	8 9 11 13	7.7	90.7%	8.16	3.69
564	1 9 11 11	7.71	89.9%	7.87	3.06
565	2 2 4 10	7.71	94.3%	8.06	2.91
566	3 3 4 12	7.73	95.1%	8.41	3.25
567	2 2 2 10	7.74	94.1%	8.15	3.33
568	2 6 11 13	7.74	90%	7.91	3.37
569	1 3 5 11	7.75	93%	8.07	2.84
570	2 4 4 11	7.75	84.7%	7.79	3.55
571	3 6 12 12	7.75	93.2%	8.31	3.53
572	1 4 9 12	7.77	96%	8.42	3.35
573	3 4 4 9	7.77	91%	8.29	3.33
574	5 6 7 8	7.78	93.7%	8.28	3.14
575	4 7 9 10	7.79	90.7%	8.31	3.71
576	1 2 2 5	7.8	94.6%	8.07	2.86
577	1 2 4 11	7.81	91.9%	8.06	2.82
578	2 6 8 10	7.81	93.3%	8.31	3.48
579	4 5 7 8	7.81	95.5%	8.26	3.15
580	5 6 10 10	7.82	86.8%	8.11	3.84
581	1 2 9 12	7.83	92.6%	8.39	3.81
582	1 6 9 13	7.83	90.7%	8.26	4.07
583	3 3 4 7	7.84	90.4%	8.34	3.61
584	3 6 6 9	7.85	96.1%	8.32	3.01
585	3 12 12 12	7.86	91%	8.2	3.41
586	5 6 10 11	7.86	90.4%	8.2	3.52
587	6 6 10 12	7.86	93.8%	8.27	3.15
588	5 6 6 6	7.87	87.6%	8.04	3.53
589	5 8 8 9	7.87	87.3%	8.15	3.95
590	1 4 8 11	7.88	95.5%	8.34	2.91
591	2 2 9 11	7.88	91.8%	8.19	3.27
592	2 7 7 11	7.88	86.5%	7.93	3.69
593	3 5 8 11	7.88	89.6%	8.14	3.47
594	4 4 4 5	7.88	85%	7.92	3.85
595	1 2 6 9	7.89	94.4%	8.46	3.57
596	2 5 5 11	7.89	82.9%	7.77	3.49
597	3 4 12 13	7.89	93.3%	8.49	3.7
598	1 4 4 10	7.9	92.2%	8.12	3.42
599	8 11 12 12	7.91	77.8%	7.37	3.65
600	6 6 9 12	7.92	91.8%	8.19	3.36
601	1 4 4 9	7.93	94.2%	8.39	3.43
602	1 5 6 10	7.93	91.6%	8.21	3.25
603	2 4 6 10	7.93	93.7%	8.35	3.37
604	2 2 4 8	7.94	95.9%	8.47	3.09
605	3 6 7 9	7.94	93.1%	8.39	3.5
606	4 6 8 9	7.94	93.4%	8.43	3.45
607	2 5 6 13	7.95	91.5%	8.45	3.62
608	3 6 10 10	7.95	85.5%	7.92	3.7
609	3 7 12 12	7.95	91.2%	8.34	3.48
610	3 9 10 10	7.95	84.8%	7.83	3.51
611	10 12 13 13	7.95	94.4%	8.45	2.97
612	2 2 3 3	7.96	93.4%	8.3	3.23
613	3 4 7 9	7.96	93.4%	8.43	3.73
614	3 4 5 5	7.97	93.9%	8.68	3.73
615	6 6 7 10	7.97	84%	7.96	4.12
616	1 4 6 11	7.99	92.4%	8.3	3.24
617	2 2 6 12	7.99	94.3%	8.57	3.53
618	6 7 8 10	7.99	91.6%	8.5	3.6
619	7 8 11 13	7.99	90.5%	8.57	3.88
620	2 3 5 11	8	94.9%	8.53	3.32
621	3 3 8 9	8	88.5%	8.38	3.92
622	4 5 10 11	8	88.2%	8.44	4.28
623	8 10 13 13	8	92.5%	8.37	3.33
624	3 4 10 12	8.02	92.6%	8.44	3.54
625	1 2 5 9	8.03	95%	8.5	3.09
626	3 12 12 13	8.03	92.5%	8.37	3.28
627	5 8 8 13	8.03	92.7%	8.44	3.69
628	2 3 3 6	8.04	96.2%	8.5	2.95
629	4 5 8 9	8.04	89.3%	8.43	4.1
630	3 7 10 11	8.07	90.6%	8.32	3.39
631	4 4 6 12	8.07	93.9%	8.79	3.83
632	4 8 9 10	8.07	88.9%	8.27	3.42
633	1 3 6 9	8.08	92.8%	8.57	3.27
634	3 9 12 13	8.08	89.8%	8.59	4.03
635	2 3 4 8	8.1	92.9%	8.85	4.07
636	4 7 9 12	8.1	94.9%	8.59	3.27
637	8 10 10 12	8.11	94.4%	8.6	3.44
638	2 8 8 9	8.13	90.4%	8.43	3.4
639	2 2 3 7	8.14	88.2%	8.46	3.79
640	4 8 8 9	8.14	92.4%	8.4	3.11
641	4 10 12 12	8.14	92.1%	8.57	3.43
642	2 7 8 11	8.16	94.9%	8.71	3.61
643	10 11 12 13	8.16	95.8%	8.74	3.52
644	2 5 6 7	8.17	92.5%	8.62	3.67
645	3 6 9 10	8.18	92.5%	8.57	3.6
646	3 5 6 6	8.19	92%	8.73	3.66
647	3 5 8 8	8.19	92.2%	8.62	3.91
648	4 5 9 10	8.19	90.6%	8.55	3.65
649	2 4 8 12	8.2	93.9%	8.92	4.17
650	2 4 9 13	8.2	93.7%	8.58	3.58
651	3 7 8 12	8.2	95.2%	8.73	3.28
652	4 6 8 12	8.2	94.1%	8.81	3.5
653	1 1 7 10	8.21	85.1%	8.29	4.32
654	2 4 8 8	8.21	93.8%	8.83	4.12
655	3 4 9 11	8.21	89.7%	8.46	4.04
656	1 3 6 13	8.22	92%	8.46	3.19
657	1 8 11 13	8.22	88.3%	8.36	3.59
658	2 7 9 10	8.22	94%	8.62	3.25
659	2 8 9 10	8.22	88.7%	8.45	3.85
660	1 4 9 11	8.24	94.4%	8.87	3.73
661	2 7 11 12	8.24	91.5%	8.58	3.47
662	5 5 8 9	8.25	89.7%	8.72	3.94
663	1 3 4 13	8.27	94.4%	8.84	3.7
664	1 4 5 11	8.27	90.6%	8.51	3.94
665	1 5 5 13	8.27	93%	8.44	3.24
666	1 5 9 10	8.27	93.3%	8.75	3.84
667	2 4 8 11	8.27	92.9%	8.61	3.69
668	2 8 9 13	8.27	90.3%	8.54	3.68
669	2 2 4 11	8.3	91.6%	8.66	3.69
670	4 4 10 12	8.3	90.7%	8.65	3.98
671	1 6 11 12	8.31	88.8%	8.29	2.96
672	5 6 9 10	8.31	90.8%	8.82	3.82
673	5 8 9 11	8.32	89.9%	8.61	3.75
674	6 8 8 10	8.32	91.1%	8.8	4.07
675	2 2 6 10	8.33	95.2%	8.75	3.07
676	9 10 12 13	8.33	93.6%	8.88	3.64
677	1 3 4 9	8.35	94.6%	8.85	3.8
678	1 2 8 9	8.36	93.4%	8.98	3.53
679	2 5 10 11	8.36	94.3%	8.96	3.6
680	5 5 8 8	8.36	84.8%	8.49	3.93
681	5 8 11 13	8.36	88.7%	8.47	3.44
682	6 6 7 9	8.36	90.8%	8.71	3.74
683	1 3 12 12	8.38	85.6%	8.67	4.78
684	2 8 8 11	8.39	84%	8.11	3.51
685	1 2 2 7	8.4	91.7%	8.73	3.34
686	2 4 4 4	8.41	94.6%	8.85	3.23
687	3 4 7 10	8.41	93.4%	8.66	3.5
688	3 6 8 9	8.43	93.8%	8.87	3.21
689	3 4 5 10	8.45	90.3%	8.78	4.03
690	4 4 8 11	8.45	86.8%	8.46	3.78
691	4 7 8 9	8.45	92%	8.83	3.72
692	4 4 4 9	8.49	88.3%	8.51	4
693	6 8 10 13	8.49	86.6%	8.54	3.73
694	1 2 6 13	8.5	90.9%	9	3.97
695	2 9 12 13	8.5	90.7%	8.9	3.87
696	3 3 7 11	8.5	92.1%	8.81	3.6
697	6 6 8 9	8.5	90.2%	8.78	3.51
698	1 6 12 13	8.51	89.4%	8.57	3.31
699	2 9 10 11	8.51	88.7%	8.43	3.34
700	2 4 7 10	8.52	91.1%	8.75	3.83
701	2 3 3 7	8.53	92%	8.94	3.72
702	1 4 9 10	8.54	93.5%	8.97	3.71
703	1 6 10 13	8.54	87.8%	8.74	4.14
704	3 11 12 12	8.54	90.9%	8.87	3.36
705	2 8 11 12	8.55	88.4%	8.82	4.16
706	5 6 10 13	8.55	91.1%	9.23	4.33
707	1 2 3 3	8.57	95.6%	8.92	2.97
708	3 3 8 12	8.57	91.5%	9.07	3.92
709	2 2 3 13	8.58	87.4%	8.62	3.65
710	3 6 7 12	8.58	90.2%	8.87	3.78
711	2 3 10 13	8.59	93.4%	9.08	3.96
712	2 10 11 13	8.59	89.6%	8.64	3.47
713	4 4 7 12	8.59	89.4%	8.9	4.15
714	1 2 7 8	8.6	94.4%	9.15	3.6
715	6 8 8 11	8.6	87.6%	8.74	3.9
716	1 3 4 10	8.61	93%	8.88	3.41
717	2 4 6 6	8.61	94.1%	9.33	3.98
718	4 5 8 12	8.62	93.5%	9.15	3.72
719	2 6 6 10	8.63	94.1%	9.08	3.64
720	1 2 3 11	8.64	95.8%	9.05	3.4
721	1 2 5 13	8.65	94.3%	9.2	3.68
722	2 2 4 13	8.66	91.2%	9.18	4.19
723	3 7 7 13	8.66	93.6%	8.95	3.16
724	2 4 7 11	8.67	92.7%	9.01	3.82
725	4 5 6 7	8.67	90%	9.06	3.89
726	6 6 9 11	8.67	88.8%	9.04	4.15
727	1 11 13 13	8.68	91.5%	9.01	3.82
728	4 4 4 11	8.68	86.2%	8.85	4.59
729	4 6 10 12	8.68	93.8%	9.27	3.97
730	5 7 8 8	8.68	82.9%	8.59	4.73
731	1 2 9 13	8.69	93.3%	9.3	4.16
732	7 8 8 11	8.69	80.9%	8.3	4.54
733	2 4 6 9	8.7	91.8%	9.15	4.17
734	2 6 7 8	8.71	89.6%	9.08	3.94
735	1 3 9 13	8.72	93.9%	9.36	4.15
736	2 9 10 13	8.72	90.1%	9.23	4.12
737	4 4 6 11	8.72	86.5%	8.75	4.5
738	2 2 8 10	8.73	94.5%	9.3	3.28
739	2 4 10 13	8.74	89.1%	9.16	4.47
740	4 4 9 11	8.74	82.4%	8.48	4.54
741	6 8 9 13	8.74	93.9%	9.38	3.94
742	1 4 6 7	8.75	87.3%	9	4.66
743	2 4 9 9	8.75	90.1%	8.88	3.87
744	2 3 7 11	8.76	92.1%	9.18	4.23
745	2 9 11 11	8.76	89.4%	9.16	4.05
746	4 8 9 11	8.77	93%	9.27	3.91
747	4 5 8 8	8.79	86.5%	8.84	4.07
748	2 8 9 11	8.8	90.7%	9.21	3.86
749	1 3 4 7	8.81	95.1%	9.65	3.95
750	4 5 9 13	8.81	89.2%	9.44	4.82
751	1 2 6 11	8.82	90.1%	9.32	4.32
752	3 9 9 10	8.84	86.5%	8.84	3.83
753	9 10 11 13	8.84	89.9%	9.16	3.86
754	6 6 8 10	8.85	90.4%	9.11	4.08
755	2 5 7 10	8.86	92.1%	9.26	3.77
756	5 5 9 10	8.86	86.7%	9.2	4.44
757	2 3 5 9	8.87	92.1%	9.41	4.34
758	4 4 8 10	8.87	91.3%	9.21	4.4
759	4 11 12 13	8.87	91.2%	9.29	3.91
760	6 6 8 11	8.88	82.8%	8.62	4.56
761	3 4 7 7	8.89	94%	9.52	3.85
762	3 5 9 12	8.91	89.9%	9.25	4.04
763	7 8 10 13	8.91	92.1%	9.45	4.13
764	3 5 6 9	8.93	92.7%	9.39	3.7
765	3 10 11 12	8.93	89.3%	9.1	3.74
766	4 8 8 12	8.93	94.5%	9.5	3.94
767	1 3 8 8	8.94	86.7%	9.15	4.57
768	2 3 4 13	8.94	91.1%	9.3	3.98
769	1 4 5 10	8.95	91.2%	9.06	3.58
770	6 8 12 12	8.95	91.5%	9.66	4.33
771	5 6 6 10	8.96	89.1%	9.17	3.89
772	1 1 3 10	8.97	88.4%	8.99	3.88
773	1 5 5 9	8.97	88.4%	9.1	3.69
774	3 7 10 13	8.97	88.4%	9.45	4.77
775	1 4 6 9	8.98	86.1%	8.86	4.04
776	4 4 8 13	8.98	86.6%	8.93	4.29
777	2 5 8 13	9	93.1%	9.5	3.9
778	1 2 4 5	9.01	90.5%	9.38	4.21
779	1 2 4 9	9.01	90.8%	9.4	3.97
780	2 2 5 6	9.01	88.7%	9.34	4.49
781	4 5 5 9	9.01	91.3%	9.37	3.89
782	2 2 3 6	9.03	91.8%	9.37	4.06
783	2 11 12 13	9.03	89.7%	9.45	4.01
784	3 4 4 5	9.03	91.1%	9.38	4.09
785	5 5 6 7	9.03	90.9%	9.52	4.13
786	1 3 3 10	9.05	90%	9.16	4.14
787	1 3 5 10	9.05	93.2%	9.56	3.77
788	2 3 9 9	9.06	90.7%	9.45	4
789	3 6 12 13	9.07	86.5%	9.02	4.36
790	3 5 6 7	9.11	89.4%	9.19	3.9
791	3 9 10 12	9.11	90.4%	9.37	3.75
792	8 8 9 13	9.11	81.2%	8.72	4.72
793	1 5 9 11	9.12	93.1%	9.61	3.97
794	4 12 12 12	9.12	86.2%	9.36	4.82
795	2 5 8 9	9.13	92.7%	9.48	3.74
796	4 7 10 10	9.13	83.9%	8.88	4.19
797	6 6 8 13	9.13	83.3%	8.88	4.38
798	1 5 6 8	9.15	90.4%	9.25	3.91
799	2 2 3 11	9.15	86.1%	9.16	4.15
800	2 2 5 7	9.16	89.1%	9.21	3.77
801	5 10 10 12	9.16	86.9%	9.12	3.59
802	2 3 6 10	9.18	92.3%	9.42	3.77
803	6 8 11 13	9.18	86.2%	9.45	4.5
804	2 3 4 11	9.19	88.2%	9.36	4.14
805	6 6 6 12	9.2	89.3%	9.37	4.58
806	4 4 5 10	9.21	85.9%	9.23	4.75
807	2 2 5 11	9.22	87.5%	9.53	4.46
808	2 10 11 11	9.24	86.2%	9.21	4.01
809	1 5 10 13	9.25	88.7%	9.25	3.47
810	3 4 7 11	9.28	87.1%	9.25	4.66
811	3 5 5 9	9.28	83.4%	8.96	4.07
812	5 7 8 9	9.28	88.9%	9.57	4.24
813	1 3 5 7	9.29	89.6%	9.48	4.08
814	2 8 8 10	9.29	92.7%	9.53	3.83
815	3 7 8 9	9.29	87%	9.28	3.9
816	4 5 10 13	9.31	91.2%	9.78	4.4
817	2 3 8 12	9.33	93.1%	9.81	3.82
818	7 12 12 13	9.33	82.7%	9.08	4.23
819	3 4 6 12	9.35	93.4%	9.87	3.97
820	2 2 6 8	9.36	95.5%	9.79	3.59
821	3 7 7 10	9.36	89.3%	9.67	4.27
822	8 8 8 13	9.36	84.6%	9.35	4.42
823	3 3 6 11	9.37	90.3%	9.77	4.47
824	4 7 7 11	9.37	87.7%	9.66	4.64
825	1 1 4 10	9.38	85.1%	9.26	5.07
826	1 2 7 9	9.4	93.2%	9.87	3.88
827	5 6 7 12	9.41	84.5%	9.34	4.39
828	2 3 3 9	9.42	93.2%	9.84	3.82
829	2 3 4 4	9.42	94.1%	9.8	3.64
830	3 9 11 12	9.45	90.1%	9.88	4.42
831	1 9 11 13	9.46	87.9%	9.66	4.16
832	3 3 4 9	9.47	92.3%	9.79	3.83
833	4 5 7 12	9.47	87.8%	9.44	3.97
834	5 8 9 12	9.47	92.3%	9.92	4.04
835	2 4 4 7	9.48	89.5%	9.65	4.35
836	3 4 5 9	9.48	85.1%	9.32	4.52
837	5 9 9 11	9.49	89.5%	9.73	3.87
838	3 3 3 9	9.53	84.2%	9.51	4.88
839	5 11 12 12	9.53	82.6%	9.09	4.22
840	6 6 6 8	9.53	91.3%	9.85	4.27
841	3 4 6 10	9.55	89.9%	10.03	4.77
842	2 3 6 11	9.57	90.3%	9.96	4.45
843	3 8 9 12	9.57	90.1%	10	4.51
844	2 3 8 11	9.58	92.7%	10.17	4.06
845	2 5 6 10	9.58	88.2%	9.72	4.6
846	1 6 9 10	9.6	92%	9.88	3.83
847	2 6 8 8	9.6	92.6%	9.96	4.12
848	3 3 6 9	9.6	94.3%	10.26	4.06
849	2 4 5 9	9.61	86.4%	9.66	4.67
850	4 5 5 7	9.61	82.5%	9.22	4.36
851	4 7 8 13	9.61	90.8%	10.12	4.41
852	5 6 8 9	9.61	89.9%	9.9	4.37
853	3 3 5 9	9.66	87.2%	9.62	3.98
854	4 7 11 12	9.66	86.3%	9.85	4.89
855	2 7 9 13	9.69	87.3%	9.91	4.9
856	3 7 8 13	9.69	84.2%	9.64	4.91
857	4 5 7 11	9.7	87.2%	9.92	5.06
858	1 7 12 12	9.71	80.3%	8.97	4.43
859	3 5 9 13	9.75	91.5%	10.11	4.16
860	2 2 4 9	9.76	90.5%	10.01	4.36
861	3 8 8 11	9.77	89.9%	9.96	4.59
862	4 4 5 7	9.78	85.2%	9.51	4.56
863	6 6 8 12	9.78	90.8%	10.08	4.33
864	3 3 7 9	9.81	90.7%	10.01	3.8
865	2 3 9 13	9.82	87.7%	10.11	5.24
866	4 9 12 12	9.82	89.5%	10.3	4.43
867	2 3 4 10	9.85	91.9%	10.32	4.3
868	1 5 5 11	9.87	87.8%	9.96	4.17
869	1 5 6 13	9.89	90.4%	10.23	4.72
870	5 6 9 12	9.89	87.2%	9.96	4.35
871	6 6 8 8	9.89	86%	9.75	4.42
872	2 4 6 13	9.92	87.2%	10.14	5.06
873	4 9 9 10	9.93	89.9%	10.2	4.16
874	6 12 13 13	9.93	87.5%	9.98	3.84
875	2 4 5 11	9.94	87.4%	10.12	4.73
876	1 7 9 10	9.95	86.9%	9.89	3.95
877	3 3 3 5	9.97	85.7%	9.66	4.13
878	5 7 9 13	9.97	91%	10.41	4.08
879	6 9 10 11	9.97	91.4%	10.28	4.12
880	1 2 5 10	10.01	91.7%	10.22	4.07
881	6 11 11 12	10.02	86.5%	9.91	4
882	6 7 9 12	10.03	86.5%	9.9	4.85
883	6 10 12 12	10.03	88.9%	10.28	4.55
884	3 3 6 10	10.05	86.6%	9.94	4.31
885	4 9 11 12	10.05	88.8%	10.26	4.31
886	4 4 6 13	10.07	82.5%	9.58	5.14
887	6 8 9 11	10.09	84.5%	10.01	4.82
888	1 3 3 11	10.1	88.4%	10.07	4.7
889	1 8 10 11	10.1	87.2%	10.07	3.43
890	3 6 9 11	10.1	86.8%	9.97	4.7
891	2 4 12 12	10.11	85.8%	10.08	4.7
892	4 6 7 10	10.12	86.7%	10.22	4.78
893	2 2 2 5	10.13	78.7%	9.15	4.79
894	4 5 6 10	10.14	90.4%	10.64	4.45
895	5 5 5 9	10.15	87.6%	9.91	4.16
896	3 4 4 13	10.16	88.9%	10.24	4.28
897	2 5 8 11	10.17	86%	10.34	5.15
898	6 7 8 9	10.18	84.4%	9.91	4.56
899	7 8 9 13	10.18	84%	9.85	4.28
900	2 3 6 9	10.19	93.3%	10.67	4.2
901	1 5 10 11	10.21	86.4%	10.04	3.72
902	3 3 6 13	10.21	86.3%	10.45	5.39
903	1 11 11 13	10.22	87.7%	10.21	4.36
904	5 5 6 11	10.22	87.1%	10.17	4.64
905	3 4 5 6	10.23	83.9%	10.09	5.1
906	6 8 9 9	10.23	86.3%	10.23	4.22
907	1 2 4 7	10.25	89.3%	10.6	5.01
908	3 4 8 11	10.25	87.1%	10.18	5
909	4 6 6 9	10.26	88%	10.65	5.36
910	1 2 8 13	10.27	91.4%	10.54	4.79
911	2 6 12 12	10.27	89%	10.65	5.21
912	3 3 7 12	10.27	84.6%	10.19	5.36
913	1 3 5 9	10.3	90.7%	10.54	4.5
914	2 4 8 9	10.32	83.8%	9.98	4.58
915	4 7 9 13	10.33	84.3%	10.45	5.78
916	1 5 9 13	10.35	84.7%	10.25	4.86
917	3 3 6 7	10.36	88.8%	10.8	4.68
918	1 4 5 13	10.37	87.8%	10.5	4.6
919	3 4 6 11	10.37	89.1%	10.56	4.65
920	1 4 4 8	10.38	89.8%	10.6	5.52
921	5 6 8 12	10.38	87.8%	10.39	4.1
922	5 5 8 10	10.39	81.3%	9.82	4.03
923	7 9 9 13	10.39	88%	10.39	4.63
924	3 6 9 12	10.4	92.9%	10.86	4.22
925	4 5 7 9	10.41	86.9%	10.62	5.11
926	6 9 12 13	10.41	88.4%	10.59	4.38
927	2 2 7 12	10.42	83.3%	10.01	4.55
928	2 4 6 12	10.42	94.3%	11.18	4.83
929	6 6 7 12	10.42	84.1%	10.17	4.75
930	5 8 11 12	10.44	86.9%	10.64	4.25
931	2 4 6 7	10.45	90.1%	10.54	4.32
932	5 6 8 10	10.47	87%	10.49	4.52
933	2 2 8 8	10.48	91.3%	10.84	4.77
934	2 5 10 10	10.48	78.7%	9.67	4.06
935	5 6 7 13	10.48	86.2%	10.65	5.52
936	2 6 8 12	10.49	94.2%	11.19	4.55
937	6 9 9 11	10.53	82.5%	9.86	5.15
938	6 7 8 11	10.56	83.7%	10.3	5.09
939	4 5 6 8	10.57	87.4%	10.46	4.29
940	1 2 7 11	10.59	88.4%	10.77	4.81
941	6 11 12 13	10.61	80.4%	9.83	5.16
942	1 4 4 11	10.63	86.6%	10.56	5.21
943	1 3 9 9	10.64	84.8%	10.22	4.08
944	2 3 9 10	10.64	90%	10.87	4.26
945	4 5 10 12	10.64	86.5%	10.5	4.48
946	1 7 9 11	10.68	85.4%	10.49	4.3
947	1 3 6 11	10.7	88.3%	10.63	4.34
948	1 2 3 13	10.71	91.8%	11.1	4.85
949	3 4 9 13	10.72	79.6%	9.65	5.49
950	2 7 12 13	10.75	80.2%	9.94	5
951	6 10 12 13	10.75	82.5%	10.25	4.83
952	6 7 10 12	10.76	85.2%	10.76	4.82
953	1 2 2 9	10.77	82.3%	10.04	4.55
954	2 3 6 6	10.78	91.8%	11.18	4.37
955	1 7 10 13	10.79	83.7%	10.42	4.61
956	5 10 12 13	10.83	83.4%	10.39	4.47
957	1 3 8 13	10.84	90.3%	11.16	5.03
958	3 4 6 8	10.84	90.9%	11.36	5.11
959	2 3 6 13	10.86	90%	10.95	4.57
960	2 6 8 13	10.89	87.2%	11.02	5.13
961	7 8 8 12	10.89	83.3%	10.52	4.61
962	2 2 5 12	10.9	84.5%	10.68	5.22
963	2 5 7 7	10.93	82.6%	10.47	4.72
964	1 6 6 6	10.94	85.6%	10.4	5.11
965	1 9 10 13	10.94	83.3%	10.42	4.48
966	8 8 10 12	10.95	78.6%	9.85	5.62
967	3 3 4 11	10.97	88.6%	11.04	5.43
968	1 2 6 10	10.98	86.7%	10.93	4.97
969	2 3 4 7	10.99	86.8%	10.91	4.89
970	5 6 6 8	10.99	81.5%	10.6	5.93
971	4 4 8 12	11	92.2%	11.67	5.07
972	3 9 10 13	11.03	82.9%	11.16	6.46
973	3 3 9 12	11.1	87.2%	11.18	5.02
974	4 4 7 10	11.12	75%	9.16	4.55
975	1 3 7 10	11.18	86.3%	11.09	5.26
976	2 4 5 6	11.2	91.1%	11.68	4.49
977	5 9 12 12	11.21	83%	10.93	4.83
978	7 7 8 11	11.21	80.1%	10.18	4.52
979	2 6 7 11	11.22	82.5%	10.74	5.27
980	3 4 6 6	11.23	90.4%	11.4	4.64
981	3 5 7 10	11.23	84.6%	10.83	5.19
982	6 8 8 12	11.24	88%	11.48	5.04
983	2 4 6 11	11.25	85.4%	11.15	5.51
984	1 5 12 12	11.27	80.9%	10.39	4.99
985	2 3 4 9	11.27	88.4%	11.29	4.78
986	2 3 10 12	11.28	86.5%	11.39	4.21
987	5 8 8 8	11.28	80.8%	10.77	5.44
988	5 5 8 13	11.29	81.1%	10.75	4.58
989	5 8 10 11	11.35	87.4%	11.05	4.82
990	4 9 10 13	11.36	82.4%	10.84	4.84
991	1 5 6 7	11.39	89.1%	11.68	4.74
992	4 10 12 13	11.39	81.5%	10.52	5.6
993	2 3 3 10	11.4	85%	11.47	4.97
994	4 4 9 12	11.4	78.4%	10.29	4.79
995	3 3 6 12	11.43	87.1%	11.7	6.12
996	3 4 8 12	11.43	87.7%	11.38	5.53
997	2 2 8 9	11.47	86.9%	11.61	5.07
998	2 4 4 6	11.47	90.2%	11.78	4.74
999	2 4 6 8	11.47	93.4%	11.86	4.42
1000	2 4 9 12	11.47	87.3%	11.42	4.88
1001	2 3 4 5	11.5	84.5%	11.15	5.67
1002	4 4 5 11	11.51	85.3%	11.4	4.84
1003	3 3 5 12	11.52	87.1%	11.61	5.21
1004	4 8 11 13	11.52	82.5%	10.72	5.26
1005	1 4 7 7	11.56	85.5%	11.42	4.68
1006	3 6 7 13	11.59	82.4%	10.91	6.09
1007	3 4 6 9	11.61	82.7%	11	5.6
1008	8 9 9 12	11.61	82.5%	10.98	4.79
1009	7 8 10 10	11.62	79.1%	10.8	5.06
1010	1 6 7 9	11.63	84.4%	11.37	4.7
1011	1 3 4 8	11.65	89.6%	11.77	4.72
1012	1 2 7 12	11.66	77.6%	9.99	5.83
1013	2 3 5 7	11.66	89.1%	11.76	4.98
1014	2 5 6 6	11.66	78.3%	10.29	5.92
1015	6 7 9 9	11.67	80.3%	10.93	6.07
1016	4 5 6 13	11.69	78%	10.37	5.21
1017	1 5 7 9	11.7	84.7%	11.22	4.89
1018	4 6 7 12	11.77	81.3%	11.36	5.56
1019	3 5 10 13	11.79	82.8%	11.09	5.38
1020	6 8 9 12	11.79	86.7%	11.83	5.15
1021	3 7 9 11	11.8	88.3%	11.92	4.93
1022	1 3 7 12	11.82	85.5%	11.18	5.09
1023	1 3 7 7	11.83	85.4%	11.6	4.72
1024	2 6 10 13	11.83	84.8%	11.48	5.55
1025	3 3 5 13	11.83	85.1%	11.55	4.82
1026	3 7 8 11	11.83	83.1%	11.44	5.88
1027	3 5 7 9	11.84	86.3%	11.64	4.99
1028	2 5 8 10	11.86	82.9%	11.01	4.77
1029	2 7 9 11	11.86	83.7%	11.51	5.48
1030	3 7 9 12	11.87	85.9%	11.84	5.69
1031	1 4 8 9	11.89	89.1%	12.09	5.2
1032	4 8 8 10	11.9	85.7%	11.74	5.56
1033	2 3 7 13	11.92	86.1%	11.78	5.35
1034	4 6 8 13	11.99	80.8%	11.13	5.26
1035	5 8 10 12	11.99	84.4%	11.35	5.22
1036	4 5 5 10	12	81.2%	11.11	4.5
1037	5 5 8 12	12	79.3%	11	5.08
1038	3 5 6 10	12.01	86%	11.77	5.68
1039	4 8 9 13	12.05	82.2%	11.19	6.25
1040	1 3 3 6	12.07	87.2%	12.01	5.22
1041	7 8 9 10	12.11	79.7%	11.19	5.45
1042	2 5 5 7	12.15	82.1%	11.67	4.9
1043	2 3 5 13	12.17	85.7%	12.03	5.41
1044	4 6 6 12	12.19	85.9%	11.79	5.93
1045	2 5 7 13	12.21	84%	11.91	5.68
1046	2 9 11 13	12.21	81.8%	11.58	5.62
1047	1 5 8 11	12.22	89.4%	12.56	5.59
1048	3 4 8 9	12.27	88%	12.38	5.08
1049	2 5 11 12	12.28	77.1%	10.68	5.59
1050	3 3 3 11	12.3	78.4%	10.97	5.53
1051	2 4 4 5	12.33	82.2%	11.49	5.27
1052	2 5 7 11	12.35	82.4%	11.78	5.85
1053	2 4 4 10	12.36	89.9%	12.56	5.23
1054	7 10 10 12	12.42	77.9%	11.32	5.34
1055	6 9 9 12	12.43	86.9%	12.37	5.86
1056	2 3 6 12	12.45	91.2%	12.88	5.25
1057	4 4 6 9	12.46	77.1%	10.66	5.61
1058	2 6 6 7	12.47	78.5%	10.97	5.73
1059	4 9 10 11	12.53	76.5%	10.8	5.84
1060	7 9 10 11	12.53	77.2%	11	5.43
1061	3 3 3 4	12.54	82.4%	11.65	5.93
1062	1 4 5 7	12.64	88%	12.63	5.33
1063	4 4 6 10	12.65	87.6%	12.61	5.31
1064	4 10 11 13	12.67	75.8%	10.76	5.78
1065	6 9 10 12	12.67	80.4%	11.61	6.12
1066	3 4 9 9	12.71	84.5%	12.29	5.12
1067	3 3 6 8	12.72	74.6%	10.63	5.79
1068	4 4 7 8	12.72	84.1%	12.5	5.69
1069	7 7 9 10	12.79	75.9%	11.43	5.32
1070	1 5 8 13	12.81	80.2%	11.67	5.94
1071	4 6 9 13	12.81	85.5%	12.79	5.3
1072	1 4 7 9	12.84	81.9%	11.99	5.12
1073	3 5 6 11	12.84	82.3%	12.25	6.75
1074	2 4 5 7	12.85	78.3%	11.44	5.71
1075	4 8 12 12	12.86	85.5%	12.23	5.88
1076	2 2 2 7	12.87	72.6%	9.82	5.81
1077	3 5 11 12	12.92	79.8%	11.6	5.84
1078	2 4 8 13	12.94	82.4%	12.24	5.91
1079	3 3 5 10	12.94	83.1%	12.17	5.36
1080	2 5 10 13	12.95	81.9%	12.45	5.93
1081	3 3 9 13	13.01	74.3%	10.84	6.15
1082	4 7 10 12	13.03	79.5%	11.61	5.68
1083	1 4 5 9	13.05	82.1%	12.2	6.74
1084	2 3 3 3	13.06	82.5%	12.08	6.04
1085	5 6 10 12	13.11	75.8%	11.19	5.63
1086	4 5 8 13	13.15	78%	11.6	5.99
1087	5 7 7 9	13.18	74.1%	11.27	5.24
1088	4 4 6 8	13.19	83.9%	12.57	6.85
1089	3 5 6 13	13.22	76.1%	11.52	5.71
1090	6 9 11 13	13.23	72.6%	10.56	6.22
1091	1 4 6 6	13.27	80.3%	12.02	6.43
1092	2 3 8 8	13.31	80.2%	12.14	5.94
1093	4 4 5 12	13.31	79%	11.8	6.19
1094	2 3 5 10	13.35	80.3%	12.13	5.41
1095	5 7 11 13	13.36	70.9%	10.3	5.4
1096	1 5 6 11	13.37	80.9%	12.2	6.63
1097	5 5 7 10	13.45	73.9%	11.61	5.13
1098	1 4 5 8	13.5	82.5%	12.74	5.8
1099	3 5 7 8	13.52	85.3%	13.1	6.01
1100	5 9 10 13	13.52	78%	11.77	5.97
1101	6 9 11 12	13.55	75.3%	11.24	6.12
1102	5 7 10 10	13.59	76.7%	12.3	5.43
1103	1 1 6 9	13.62	80.6%	11.74	6.62
1104	4 10 10 12	13.64	78.2%	12.33	6.4
1105	2 8 10 13	13.66	80.7%	12.83	6.18
1106	2 7 10 11	13.69	78.9%	12.51	6.22
1107	2 2 2 9	13.74	76%	11.21	6.5
1108	7 10 11 13	13.74	73.7%	11.34	6.02
1109	6 7 7 10	13.79	72.8%	11.08	5.46
1110	1 3 6 10	13.84	82.3%	12.45	7.05
1111	3 8 9 11	13.85	79.9%	12.81	6.92
1112	6 8 11 12	13.88	77.7%	12.49	5.89
1113	4 5 8 10	13.93	75.6%	11.6	6.02
1114	2 3 7 8	13.99	80.4%	12.87	5.66
1115	6 12 12 12	14.03	76.2%	11.83	6.8
1116	2 10 12 13	14.08	81.3%	13.29	6.15
1117	6 7 10 10	14.19	70.5%	10.76	5.92
1118	2 3 8 9	14.24	81.1%	13.05	6.31
1119	2 4 7 9	14.25	80.3%	13.36	6.38
1120	3 5 9 9	14.25	79.2%	13.14	6.22
1121	2 2 5 9	14.3	74%	11.91	6.31
1122	3 3 9 11	14.31	79.2%	13.27	5.82
1123	1 3 7 9	14.35	80.2%	12.86	5.57
1124	2 4 9 10	14.37	79.6%	13.19	6.08
1125	5 7 9 11	14.38	71.2%	11.14	5.93
1126	3 3 8 10	14.45	81%	13.81	5.8
1127	3 5 5 11	14.47	79.5%	13.35	5.63
1128	3 5 12 12	14.47	67.7%	9.98	6.1
1129	1 3 5 6	14.68	86.5%	14.42	6
1130	5 5 9 11	14.73	71.4%	12.42	5.28
1131	4 6 9 12	14.75	77.5%	12.74	7.04
1132	3 4 4 10	14.76	77.1%	12.41	6.83
1133	2 6 9 12	14.8	82.9%	13.85	6.61
1134	2 6 12 13	14.84	78.7%	13.59	5.97
1135	3 4 4 11	14.86	76.3%	12.9	6.56
1136	2 2 3 4	14.89	77.6%	13.1	6.02
1137	5 9 9 12	14.89	76.1%	13.2	6.75
1138	2 5 9 10	14.91	78.1%	13.37	6.4
1139	3 4 7 12	14.91	82.8%	14.34	6.31
1140	3 3 4 13	14.95	76.4%	12.52	6.93
1141	4 4 4 10	14.97	77%	12.92	6.51
1142	5 6 6 12	15.01	80.7%	13.74	6.19
1143	3 4 10 10	15.03	75.6%	13.08	6.15
1144	6 10 10 13	15.04	69%	11.13	6.24
1145	3 6 11 13	15.11	73.1%	11.67	6.98
1146	4 4 5 13	15.13	72.7%	12.14	7.17
1147	3 6 8 13	15.14	81.7%	14.61	6.39
1148	1 5 11 12	15.16	71.2%	11.51	6.13
1149	2 5 9 11	15.16	76.5%	13.34	7.01
1150	2 2 5 10	15.18	78.7%	13.7	5.88
1151	2 2 7 7	15.24	70%	11.56	6.12
1152	4 5 8 11	15.28	73.2%	12.2	7
1153	3 6 8 12	15.32	80.5%	14.02	6.22
1154	3 6 6 13	15.4	72.8%	12.35	6.61
1155	3 3 9 10	15.43	78%	13.85	6.26
1156	4 7 8 12	15.46	79.4%	14.2	6.89
1157	5 7 8 10	15.5	70.8%	12.38	5.86
1158	2 5 8 8	15.53	71.7%	12.05	6.87
1159	2 4 10 11	15.55	79.4%	14.32	6.61
1160	5 5 5 12	15.62	67.6%	10.44	6.46
1161	1 4 4 6	15.66	79.6%	13.74	6.84
1162	2 6 11 12	15.87	77.6%	14.26	6.55
1163	1 5 5 10	15.9	71%	11.98	7.15
1164	4 6 8 10	15.92	76.1%	13.09	7.85
1165	2 5 5 9	15.95	78.7%	14.63	6.09
1166	5 7 12 12	15.95	66.1%	10.66	6.33
1167	2 3 8 10	15.96	82.1%	15.19	6.62
1168	7 9 12 12	15.98	64.1%	9.64	5.73
1169	4 5 7 13	16.03	72.6%	12.73	6.46
1170	3 3 8 13	16.06	69.3%	11.54	6.32
1171	7 7 7 12	16.15	65%	9.22	6.17
1172	1 3 12 13	16.33	75.7%	13.88	7
1173	1 3 8 10	16.42	71.1%	12.66	6.7
1174	2 6 10 11	16.45	73.7%	13.68	6.96
1175	2 3 6 7	16.48	80.9%	15.3	6.8
1176	5 6 9 13	16.54	68.9%	12.63	6.23
1177	4 7 8 11	16.69	68.2%	11.02	6.77
1178	3 10 11 13	16.7	71.4%	13.62	6.48
1179	5 5 6 8	16.84	78.3%	15.12	6.7
1180	2 2 6 7	16.87	72.4%	13.38	7.06
1181	4 9 9 12	16.9	71.5%	13.68	6.7
1182	1 4 10 12	16.96	72.3%	13.03	6.74
1183	6 8 9 10	16.98	71.1%	13.1	7.37
1184	1 3 11 12	17	75.8%	14.59	7.49
1185	2 6 6 9	17.02	72.7%	13.34	6.77
1186	3 9 9 13	17.03	67.2%	12.32	6.24
1187	6 10 11 12	17.05	69.6%	13.41	6.52
1188	2 3 7 10	17.15	76.9%	15.1	6.86
1189	2 4 4 9	17.16	73.3%	13.68	7.51
1190	2 3 7 7	17.25	76.7%	15.43	6.71
1191	6 6 9 10	17.26	70.1%	13.59	6.98
1192	2 2 9 12	17.45	73.1%	15.17	6.6
1193	2 7 10 10	17.47	67.9%	13.62	5.95
1194	5 7 7 10	17.63	67.8%	13.46	6.7
1195	10 12 12 12	17.67	64.2%	10.57	6.02
1196	6 6 6 10	17.69	66%	11.83	6.71
1197	8 8 8 11	17.9	63.4%	10.71	6.36
1198	3 5 8 9	17.97	75.7%	16.01	7.72
1199	3 5 7 12	18.08	71%	14.4	7.98
1200	3 8 9 13	18.13	73.8%	15.54	7.25
1201	3 9 9 11	18.17	70.1%	14.07	7.75
1202	2 8 10 12	18.18	80%	16.75	7.67
1203	3 6 8 10	18.35	66.4%	12.34	7.06
1204	2 6 8 9	18.37	72.7%	15.54	6.65
1205	3 4 8 13	18.61	70%	13.99	7.95
1206	4 5 6 9	18.61	75.5%	16.67	7.12
1207	2 6 7 10	18.66	69.8%	13.33	7.47
1208	2 6 9 10	18.71	69.5%	14.95	6.87
1209	9 9 9 12	18.73	63.5%	10.16	6.96
1210	3 5 12 13	18.8	68.2%	14.67	6.65
1211	8 10 12 13	18.84	67.5%	14.62	6.46
1212	4 8 9 12	19.24	72.8%	16.57	7
1213	2 4 7 8	19.37	76.4%	17.08	7.37
1214	2 3 10 10	19.51	69%	14.74	7.72
1215	2 7 10 12	19.59	70.4%	16.12	7.16
1216	1 3 3 8	19.6	73.9%	15.9	7.93
1217	2 2 9 10	19.64	65.3%	14.54	7.52
1218	2 2 4 4	19.79	71.8%	15.34	8.33
1219	3 5 9 10	19.97	68%	14.81	7.87
1220	6 8 8 9	20.08	62.9%	11.92	7.23
1221	2 2 4 12	20.12	75.3%	15.78	9.45
1222	8 10 12 12	20.15	63.3%	11.81	7.54
1223	2 3 11 11	20.29	68.1%	15.26	7.84
1224	1 5 7 10	20.58	69.8%	16.44	7.81
1225	1 3 8 11	20.67	73.4%	17	8.3
1226	2 3 9 12	20.81	66.8%	13.45	7.89
1227	6 8 10 11	20.88	63.8%	14.06	7.56
1228	5 9 12 13	20.94	64.6%	16	7.29
1229	3 5 10 11	21.12	69.2%	16.28	8.6
1230	7 8 8 10	21.15	61.2%	12.58	8.1
1231	1 2 8 10	21.16	67.9%	15.37	8
1232	3 6 9 13	21.18	69.2%	17.33	7.72
1233	9 11 12 12	21.21	59.6%	10.96	6.56
1234	4 4 8 9	21.39	69.8%	17.11	8.49
1235	2 7 12 12	21.44	62.6%	12.74	7.75
1236	1 6 10 12	21.47	65.7%	14.29	7.95
1237	2 3 5 8	21.64	73.1%	18.27	7.96
1238	2 3 3 5	21.66	69.6%	16.27	8.76
1239	3 3 7 8	21.66	68.8%	17.26	8.3
1240	10 10 10 12	21.75	60.8%	10.73	7.26
1241	3 5 7 11	21.79	64.2%	14.79	8.06
1242	4 5 7 10	22.64	63.3%	14.84	8.22
1243	5 7 10 13	22.66	61.7%	16.53	7.4
1244	2 9 10 10	22.86	61.4%	17.02	7.64
1245	2 4 5 10	23.05	67.5%	17.46	8.22
1246	2 3 6 8	23.44	75.2%	20.39	8.94
1247	5 9 11 13	23.56	61.5%	16.78	7.84
1248	3 4 5 13	23.99	65.7%	18.18	8.62
1249	1 5 9 12	24.32	62.4%	14.37	8.9
1250	5 7 9 10	24.9	61.2%	16.09	9.07
1251	4 10 11 12	25.09	62.9%	17.75	9.05
1252	2 4 5 5	25.16	60.1%	15.51	8.5
1253	3 4 4 4	25.41	67.5%	18.44	10.11
1254	2 5 10 12	25.54	64.1%	18.38	8.98
1255	6 6 7 11	25.58	57.9%	13.72	8.59
1256	8 9 11 11	25.62	58.5%	16.17	8.56
1257	2 2 5 8	25.71	63.5%	17.01	9.37
1258	8 8 9 12	25.73	56.7%	13.04	7.88
1259	2 2 6 11	25.79	62.2%	18.73	8.77
1260	4 9 10 12	25.92	62.1%	17.61	9.5
1261	3 4 7 8	26.19	60.7%	14.87	8.61
1262	5 6 6 9	26.3	58.8%	14.63	9.08
1263	3 9 11 13	26.63	57.8%	14.24	8.6
1264	5 6 7 9	26.66	59.9%	16.29	9.24
1265	4 7 8 10	26.81	62.2%	18.93	9.2
1266	3 5 10 10	26.86	53.9%	12.96	7.06
1267	2 3 13 13	27.79	58.3%	18.04	9.92
1268	2 6 9 9	27.81	57.6%	14.83	8.58
1269	1 7 12 13	28.07	56.3%	15.54	9.47
1270	3 4 5 11	28.47	63.6%	20.9	10.17
1271	1 4 9 13	28.68	61%	19.3	10.38
1272	4 10 10 11	28.9	54.7%	19.8	9.44
1273	3 3 6 6	29.07	57.9%	14.58	8.69
1274	6 6 9 13	29.86	54.1%	13.77	8.82
1275	4 5 9 12	30.01	60.6%	22.74	10.65
1276	2 3 7 9	30.76	57.9%	18.49	10.28
1277	4 4 7 13	31.43	53.8%	15.26	9.52
1278	2 5 12 13	31.44	58.3%	22.43	10.04
1279	2 2 7 10	31.93	53.3%	16.68	9.02
1280	1 4 6 10	33.08	55.8%	19.36	9.87
1281	3 6 7 10	33.34	57.3%	22.27	10.63
1282	1 2 7 7	33.66	54.9%	17.81	10.65
1283	2 5 8 12	34.2	54.5%	18.3	10.15
1284	3 8 10 12	34.86	54%	21.1	10.88
1285	2 5 7 9	35.29	53.1%	23.64	10.5
1286	2 2 3 10	35.35	54.8%	18.39	10.37
1287	2 4 7 7	35.67	50.9%	17.49	9.7
1288	6 7 11 11	35.83	46.3%	20.02	10.23
1289	7 9 11 12	36.66	50.3%	18.03	10.7
1290	2 2 6 9	37.51	52%	18.52	10.54
1291	4 7 9 11	37.6	51.7%	23.12	11.36
1292	2 2 3 5	39.26	51.6%	15.76	9.07
1293	5 5 8 11	39.89	46.3%	24.86	11.41
1294	3 6 6 10	40.84	49.9%	19	11.07
1295	7 8 9 12	42.42	48.4%	16.52	10.32
1296	5 10 10 11	42.47	42%	15.3	7.29
1297	1 5 11 11	42.51	43.6%	16.54	10.14
1298	1 2 9 11	46.47	44.8%	22.97	12.73
1299	4 9 11 11	47.32	43.9%	25.8	14.34
1300	1 7 13 13	47.48	41.7%	14.6	8.98
1301	1 5 5 5	48	43.5%	12.18	7.4
1302	5 9 10 11	48.46	42.9%	28.85	13.86
1303	5 10 10 13	48.89	39.1%	17.34	8.12
1304	6 7 7 11	49.82	42.8%	28.52	15.23
1305	3 3 7 7	50.46	40.7%	13.08	7.79
1306	3 5 8 13	52.48	42.1%	30.96	14.43
1307	8 9 10 12	52.48	42.7%	22.66	14.43
1308	2 5 6 9	54.58	44.2%	27.95	14.1
1309	1 6 11 13	54.62	38.6%	19.03	10.36
1310	4 6 6 10	57.32	40.4%	23.41	12.82
1311	1 3 9 10	57.65	41%	23.57	12.84
1312	2 2 11 11	58.28	40.2%	13.77	9.12
1313	4 4 7 7	59.04	39%	15.21	8.76
1314	5 7 9 12	59.1	39.2%	18.05	11.43
1315	4 5 6 12	59.93	43.9%	22.03	16.15
1316	4 6 7 9	60.04	41.8%	20.04	12.65
1317	4 4 10 10	62.58	39.6%	13.71	9.3
1318	4 7 11 13	63.03	37%	31.44	16.88
1319	3 5 8 12	64	38%	28.28	13.73
1320	3 4 6 13	64.22	40.2%	20.84	12.22
1321	4 5 6 11	64.51	37.4%	19.9	11.2
1322	6 12 12 13	64.62	37.8%	15.65	8.77
1323	5 7 10 11	64.89	36.2%	24.87	13.85
1324	5 8 9 13	65.12	35.4%	34.56	16.53
1325	6 7 8 12	66.39	40.3%	17.74	12.85
1326	2 4 11 12	67.45	39.4%	24.74	14.4
1327	7 10 12 13	67.67	37.7%	22.94	13.26
1328	2 2 13 13	68.05	37.1%	14.67	8.86
1329	6 11 12 12	68.71	36%	16.04	9.5
1330	5 6 8 13	70.86	36.1%	22.97	11.84
1331	2 7 8 9	71.81	39.1%	18.98	11.57
1332	2 2 6 13	74.57	33.4%	31.5	17.1
1333	1 4 7 11	75.48	35.5%	30.58	16.97
1334	5 6 9 11	75.91	33.4%	26.68	15.29
1335	6 9 9 10	79.85	32.3%	33.4	18.86
1336	7 8 8 13	85.76	30%	27.44	15.53
1337	2 5 7 8	87.54	32.8%	28.85	16.18
1338	4 8 8 13	88.89	29.3%	25.3	14.77
1339	2 7 7 10	89.87	27.3%	27.94	13.56
1340	3 8 8 10	90.4	29.3%	25.99	16.42
1341	3 3 7 13	91.77	27.4%	32.91	18.72
1342	4 8 8 11	92.49	29.9%	23.73	14.37
1343	5 7 7 11	94.04	27.2%	26	13.2
1344	5 5 7 11	96.58	26.2%	26.8	14.13
1345	7 8 10 11	97.01	29.9%	24.57	14.63
1346	2 2 10 11	97.8	30.5%	26.73	17.45
1347	2 3 8 13	101	31.5%	24.13	13.33
1348	9 11 12 13	102.06	28.5%	21.86	12.84
1349	1 8 12 12	106.72	28.9%	21.26	13.71
1350	3 3 5 7	110.05	29.1%	29.61	19.15
1351	3 7 9 13	112.26	26%	40.58	22.48
1352	2 9 13 13	113.44	24.7%	31.38	19.8
1353	2 4 7 12	115.67	27.8%	30.64	18.17
1354	2 4 10 10	117.57	25.6%	30.43	19.94
1355	3 6 6 11	117.74	27.1%	25.81	16.07
1356	1 6 6 8	121.71	28.6%	22.67	14.15
1357	3 3 8 8	124.3	30%	15.79	10.76
1358	3 5 7 13	128.53	23.4%	39.59	21.87
1359	2 5 5 10	195.98	21.7%	24.08	16.83
1360	1 4 5 6	196.97	28.4%	18.88	12.2
1361	2 3 5 12	211.02	20.3%	30.15	22.74
1362	1 3 4 6	213.19	26.7%	20.35	12.84